   0.0000000e+00   0.0000000e+00   0.0000000e+00
   2.1531196e+07  -5.5245707e+07  -3.1743861e+07
   2.8163992e+06  -9.9090130e+07  -4.4764781e+07
   5.4203452e+07   1.2589518e+08   5.4574586e+07
   5.4562264e+07   1.2580904e+08   5.4505050e+07
   7.0352325e+07   1.9797135e+08   8.8907143e+07
   7.3074253e+08   1.1708351e+08   3.2397727e+07
   1.2056060e+09  -7.6189511e+08  -3.6660486e+08
   2.0135654e+09   1.9767081e+09   8.3725076e+08
   4.4508097e+09  -3.8024702e+08  -2.6644636e+08
   2.4067700e+09  -4.1274235e+09  -2.0128257e+09
