   0.0000000e+00   0.0000000e+00   0.0000000e+00
   3.6357332e+01   1.7390222e+01   5.5215106e+00
   3.4773889e+01   1.5091000e+00  -1.5210669e+00
  -2.8192854e+01   9.9279948e+00   4.3032662e+00
  -2.7849138e+01   1.0812603e+01   4.7354401e+00
  -2.2130132e+01   8.4515873e+00   4.4736560e+00
  -2.2776236e+00   1.2406214e+01   5.3730795e+00
   5.0057701e+00   7.3864489e+00   2.8355069e+00
  -5.0194242e+00   3.9640220e+00   1.8069248e+00
   5.1577787e-01   5.0541980e+00   2.0560781e+00
   4.9483083e+00   1.8715803e+00  -9.0550292e-01
